   0.0000000e+00   0.0000000e+00
   1.4175155e-02   8.0000000e-06
   2.8373730e-02   1.6000000e-05
   4.2596045e-02   2.4000000e-05
   5.6842434e-02   3.2000000e-05
   7.1113248e-02   4.0000000e-05
   8.5408858e-02   4.8000000e-05
   9.9729654e-02   5.6000000e-05
   1.1407605e-01   6.4000000e-05
   1.2844847e-01   7.2000000e-05
   1.4284739e-01   8.0000000e-05
   1.5727328e-01   8.8000000e-05
   1.7172668e-01   9.6000000e-05
   1.8620812e-01   1.0400000e-04
   2.0071821e-01   1.1200000e-04
   2.1525756e-01   1.2000000e-04
   2.2982684e-01   1.2800000e-04
   2.4442678e-01   1.3600000e-04
   2.5905814e-01   1.4400000e-04
   2.7372177e-01   1.5200000e-04
   2.8841854e-01   1.6000000e-04
   3.0314945e-01   1.6800000e-04
   3.1791552e-01   1.7600000e-04
   3.3271791e-01   1.8400000e-04
   3.4755785e-01   1.9200000e-04
   3.6243670e-01   2.0000000e-04
   3.7735594e-01   2.0800000e-04
   3.9231720e-01   2.1600000e-04
   4.0732226e-01   2.2400000e-04
   4.2237311e-01   2.3200000e-04
   4.3747194e-01   2.4000000e-04
   4.5262118e-01   2.4800000e-04
   4.6782353e-01   2.5600000e-04
   4.8308205e-01   2.6400000e-04
   4.9840012e-01   2.7200000e-04
   5.1378161e-01   2.8000000e-04
   5.2923086e-01   2.8800000e-04
   5.4475282e-01   2.9600000e-04
   5.6035316e-01   3.0400000e-04
   5.7603835e-01   3.1200000e-04
   5.9181590e-01   3.2000000e-04
   6.0769451e-01   3.2800000e-04
   6.2368433e-01   3.3600000e-04
   6.3979728e-01   3.4400000e-04
   6.5604748e-01   3.5200000e-04
   6.7245172e-01   3.6000000e-04
   6.8903020e-01   3.6800000e-04
   7.0580735e-01   3.7600000e-04
   7.2281307e-01   3.8400000e-04
   7.4008428e-01   3.9200000e-04
   7.5766712e-01   4.0000000e-04
   7.7561996e-01   4.0800000e-04
   7.9401778e-01   4.1600000e-04
   8.1295837e-01   4.2400000e-04
   8.3257169e-01   4.3200000e-04
   8.5303418e-01   4.4000000e-04
   8.7459147e-01   4.4800000e-04
   8.9759580e-01   4.5600000e-04
   9.2257095e-01   4.6400000e-04
   9.5033140e-01   4.7200000e-04
   9.8221861e-01   4.8000000e-04
   1.0206167e+00   4.8800000e-04
   1.0702387e+00   4.9600000e-04
   1.1420162e+00   5.0400000e-04
   1.2690155e+00   5.1200000e-04
   1.6070159e+00   5.2000000e-04
   2.4591994e+00   5.2800000e-04
   3.2592460e+00   5.3600000e-04
   3.9310821e+00   5.4400000e-04
   4.5306415e+00   5.5200000e-04
   5.0839255e+00   5.6000000e-04
   5.6043583e+00   5.6800000e-04
   6.0997801e+00   5.7600000e-04
   6.5751922e+00   5.8400000e-04
   7.0339943e+00   5.9200000e-04
   7.4786106e+00   6.0000000e-04
   7.9108340e+00   6.0800000e-04
   8.3320303e+00   6.1600000e-04
   8.7432643e+00   6.2400000e-04
   9.1453831e+00   6.3200000e-04
   9.5390712e+00   6.4000000e-04
   9.9248902e+00   6.4800000e-04
   1.0303306e+01   6.5600000e-04
   1.0674710e+01   6.6400000e-04
   1.1039432e+01   6.7200000e-04
   1.1397756e+01   6.8000000e-04
   1.1749924e+01   6.8800000e-04
   1.2096149e+01   6.9600000e-04
   1.2436614e+01   7.0400000e-04
   1.2771481e+01   7.1200000e-04
   1.3100893e+01   7.2000000e-04
   1.3424977e+01   7.2800000e-04
   1.3743848e+01   7.3600000e-04
   1.4057608e+01   7.4400000e-04
   1.4366351e+01   7.5200000e-04
   1.4670160e+01   7.6000000e-04
   1.4969115e+01   7.6800000e-04
   1.5263288e+01   7.7600000e-04
   1.5552745e+01   7.8400000e-04
   1.5837551e+01   7.9200000e-04
   1.6117764e+01   8.0000000e-04
   1.6393442e+01   8.0800000e-04
   1.6664640e+01   8.1600000e-04
   1.6931409e+01   8.2400000e-04
   1.7193803e+01   8.3200000e-04
   1.7451869e+01   8.4000000e-04
   1.7705659e+01   8.4800000e-04
   1.7955221e+01   8.5600000e-04
   1.8200604e+01   8.6400000e-04
   1.8441857e+01   8.7200000e-04
   1.8679027e+01   8.8000000e-04
   1.8912164e+01   8.8800000e-04
   1.9141317e+01   8.9600000e-04
   1.9366536e+01   9.0400000e-04
   1.9587870e+01   9.1200000e-04
   1.9805372e+01   9.2000000e-04
   2.0019090e+01   9.2800000e-04
   2.0229079e+01   9.3600000e-04
   2.0435389e+01   9.4400000e-04
   2.0638074e+01   9.5200000e-04
   2.0837188e+01   9.6000000e-04
   2.1032785e+01   9.6800000e-04
   2.1224919e+01   9.7600000e-04
   2.1413645e+01   9.8400000e-04
   2.1599019e+01   9.9200000e-04
   2.1781097e+01   1.0000000e-03
   2.1959934e+01   1.0080000e-03
   2.2135587e+01   1.0160000e-03
   2.2308112e+01   1.0240000e-03
   2.2477565e+01   1.0320000e-03
   2.2644003e+01   1.0400000e-03
   2.2807482e+01   1.0480000e-03
   2.2968058e+01   1.0560000e-03
   2.3125787e+01   1.0640000e-03
   2.3280725e+01   1.0720000e-03
   2.3432927e+01   1.0800000e-03
   2.3582448e+01   1.0880000e-03
   2.3729342e+01   1.0960000e-03
   2.3873663e+01   1.1040000e-03
   2.4015464e+01   1.1120000e-03
   2.4154799e+01   1.1200000e-03
   2.4291719e+01   1.1280000e-03
   2.4426275e+01   1.1360000e-03
   2.4558518e+01   1.1440000e-03
   2.4688499e+01   1.1520000e-03
   2.4816265e+01   1.1600000e-03
   2.4941866e+01   1.1680000e-03
   2.5065350e+01   1.1760000e-03
   2.5186761e+01   1.1840000e-03
   2.5306148e+01   1.1920000e-03
   2.5423553e+01   1.2000000e-03
   2.5539022e+01   1.2080000e-03
   2.5652598e+01   1.2160000e-03
   2.5764323e+01   1.2240000e-03
   2.5874238e+01   1.2320000e-03
   2.5982384e+01   1.2400000e-03
   2.6088801e+01   1.2480000e-03
   2.6193527e+01   1.2560000e-03
   2.6296601e+01   1.2640000e-03
   2.6398059e+01   1.2720000e-03
   2.6497938e+01   1.2800000e-03
   2.6596273e+01   1.2880000e-03
   2.6693098e+01   1.2960000e-03
   2.6788448e+01   1.3040000e-03
   2.6882355e+01   1.3120000e-03
   2.6974852e+01   1.3200000e-03
   2.7065969e+01   1.3280000e-03
   2.7155738e+01   1.3360000e-03
   2.7244188e+01   1.3440000e-03
   2.7331348e+01   1.3520000e-03
   2.7417247e+01   1.3600000e-03
   2.7501912e+01   1.3680000e-03
   2.7585370e+01   1.3760000e-03
   2.7667648e+01   1.3840000e-03
   2.7748771e+01   1.3920000e-03
   2.7828764e+01   1.4000000e-03
   2.7907651e+01   1.4080000e-03
   2.7985457e+01   1.4160000e-03
   2.8062204e+01   1.4240000e-03
   2.8137914e+01   1.4320000e-03
   2.8212610e+01   1.4400000e-03
   2.8286314e+01   1.4480000e-03
   2.8359045e+01   1.4560000e-03
   2.8430824e+01   1.4640000e-03
   2.8501672e+01   1.4720000e-03
   2.8571606e+01   1.4800000e-03
   2.8640647e+01   1.4880000e-03
   2.8708812e+01   1.4960000e-03
   2.8776119e+01   1.5040000e-03
   2.8842585e+01   1.5120000e-03
   2.8908228e+01   1.5200000e-03
   2.8973065e+01   1.5280000e-03
   2.9037110e+01   1.5360000e-03
   2.9100380e+01   1.5440000e-03
   2.9162890e+01   1.5520000e-03
   2.9224655e+01   1.5600000e-03
   2.9285690e+01   1.5680000e-03
   2.9346008e+01   1.5760000e-03
   2.9405624e+01   1.5840000e-03
   2.9464551e+01   1.5920000e-03
   2.9522802e+01   1.6000000e-03
