   0.0000000e+00   0.0000000e+00
   1.4721479e-02   8.0000000e-06
   2.9470747e-02   1.6000000e-05
   4.4248276e-02   2.4000000e-05
   5.9054566e-02   3.2000000e-05
   7.3890140e-02   4.0000000e-05
   8.8755557e-02   4.8000000e-05
   1.0365141e-01   5.6000000e-05
   1.1857832e-01   6.4000000e-05
   1.3353696e-01   7.2000000e-05
   1.4852803e-01   8.0000000e-05
   1.6355231e-01   8.8000000e-05
   1.7861058e-01   9.6000000e-05
   1.9370374e-01   1.0400000e-04
   2.0883271e-01   1.1200000e-04
   2.2399849e-01   1.2000000e-04
   2.3920217e-01   1.2800000e-04
   2.5444492e-01   1.3600000e-04
   2.6972801e-01   1.4400000e-04
   2.8505281e-01   1.5200000e-04
   3.0042082e-01   1.6000000e-04
   3.1583369e-01   1.6800000e-04
   3.3129320e-01   1.7600000e-04
   3.4680132e-01   1.8400000e-04
   3.6236022e-01   1.9200000e-04
   3.7797228e-01   2.0000000e-04
   3.9364017e-01   2.0800000e-04
   4.0936683e-01   2.1600000e-04
   4.2515554e-01   2.2400000e-04
   4.4100998e-01   2.3200000e-04
   4.5693430e-01   2.4000000e-04
   4.7293318e-01   2.4800000e-04
   4.8901189e-01   2.5600000e-04
   5.0517648e-01   2.6400000e-04
   5.2143386e-01   2.7200000e-04
   5.3779196e-01   2.8000000e-04
   5.5425997e-01   2.8800000e-04
   5.7084857e-01   2.9600000e-04
   5.8757027e-01   3.0400000e-04
   6.0443982e-01   3.1200000e-04
   6.2147469e-01   3.2000000e-04
   6.3869584e-01   3.2800000e-04
   6.5612849e-01   3.3600000e-04
   6.7380340e-01   3.4400000e-04
   6.9175841e-01   3.5200000e-04
   7.1004057e-01   3.6000000e-04
   7.2870920e-01   3.6800000e-04
   7.4784010e-01   3.7600000e-04
   7.6753172e-01   3.8400000e-04
   7.8791434e-01   3.9200000e-04
   8.0916401e-01   4.0000000e-04
   8.3152483e-01   4.0800000e-04
   8.5534562e-01   4.1600000e-04
   8.8114373e-01   4.2400000e-04
   9.0972341e-01   4.3200000e-04
   9.4241411e-01   4.4000000e-04
   9.8160718e-01   4.4800000e-04
   1.0321778e+00   4.5600000e-04
   1.1063888e+00   4.6400000e-04
   1.2534900e+00   4.7200000e-04
   6.6386934e+00   4.8000000e-04
   8.1641440e+00   4.8800000e-04
   9.4003044e+00   4.9600000e-04
   1.0486919e+01   5.0400000e-04
   1.1475442e+01   5.1200000e-04
   1.2391501e+01   5.2000000e-04
   1.3249937e+01   5.2800000e-04
   1.4060169e+01   5.3600000e-04
   1.4828549e+01   5.4400000e-04
   1.5559552e+01   5.5200000e-04
   1.6256443e+01   5.6000000e-04
   1.6921675e+01   5.6800000e-04
   1.7557150e+01   5.7600000e-04
   1.8164391e+01   5.8400000e-04
   1.8744665e+01   5.9200000e-04
   1.9299073e+01   6.0000000e-04
   1.9828609e+01   6.0800000e-04
   2.0334210e+01   6.1600000e-04
   2.0816781e+01   6.2400000e-04
   2.1277220e+01   6.3200000e-04
   2.1716426e+01   6.4000000e-04
   2.2135305e+01   6.4800000e-04
   2.2534769e+01   6.5600000e-04
   2.2915731e+01   6.6400000e-04
   2.3279101e+01   6.7200000e-04
   2.3625779e+01   6.8000000e-04
   2.3956650e+01   6.8800000e-04
   2.4272575e+01   6.9600000e-04
   2.4574388e+01   7.0400000e-04
   2.4862892e+01   7.1200000e-04
   2.5138857e+01   7.2000000e-04
   2.5403013e+01   7.2800000e-04
   2.5656055e+01   7.3600000e-04
   2.5898639e+01   7.4400000e-04
   2.6131382e+01   7.5200000e-04
   2.6354866e+01   7.6000000e-04
   2.6569634e+01   7.6800000e-04
   2.6776196e+01   7.7600000e-04
   2.6975030e+01   7.8400000e-04
   2.7166580e+01   7.9200000e-04
   2.7351262e+01   8.0000000e-04
   2.7529464e+01   8.0800000e-04
   2.7701546e+01   8.1600000e-04
   2.7867847e+01   8.2400000e-04
   2.8028680e+01   8.3200000e-04
   2.8184340e+01   8.4000000e-04
   2.8335098e+01   8.4800000e-04
   2.8481212e+01   8.5600000e-04
   2.8622919e+01   8.6400000e-04
   2.8760442e+01   8.7200000e-04
   2.8893990e+01   8.8000000e-04
   2.9023758e+01   8.8800000e-04
   2.9149927e+01   8.9600000e-04
   2.9272670e+01   9.0400000e-04
   2.9392146e+01   9.1200000e-04
   2.9508505e+01   9.2000000e-04
   2.9621889e+01   9.2800000e-04
   2.9732431e+01   9.3600000e-04
   2.9840256e+01   9.4400000e-04
   2.9945480e+01   9.5200000e-04
   3.0048215e+01   9.6000000e-04
   3.0148564e+01   9.6800000e-04
   3.0246627e+01   9.7600000e-04
   3.0342496e+01   9.8400000e-04
   3.0436259e+01   9.9200000e-04
   3.0527999e+01   1.0000000e-03
   3.0617794e+01   1.0080000e-03
   3.0705720e+01   1.0160000e-03
   3.0791845e+01   1.0240000e-03
   3.0876238e+01   1.0320000e-03
   3.0958962e+01   1.0400000e-03
   3.1040076e+01   1.0480000e-03
   3.1119639e+01   1.0560000e-03
   3.1197705e+01   1.0640000e-03
   3.1274325e+01   1.0720000e-03
   3.1349549e+01   1.0800000e-03
   3.1423423e+01   1.0880000e-03
   3.1495993e+01   1.0960000e-03
   3.1567302e+01   1.1040000e-03
   3.1637389e+01   1.1120000e-03
   3.1706295e+01   1.1200000e-03
   3.1774055e+01   1.1280000e-03
   3.1840707e+01   1.1360000e-03
   3.1906283e+01   1.1440000e-03
   3.1970817e+01   1.1520000e-03
   3.2034339e+01   1.1600000e-03
   3.2096879e+01   1.1680000e-03
   3.2158467e+01   1.1760000e-03
   3.2219129e+01   1.1840000e-03
   3.2278892e+01   1.1920000e-03
   3.2337781e+01   1.2000000e-03
   3.2395820e+01   1.2080000e-03
   3.2453034e+01   1.2160000e-03
   3.2509443e+01   1.2240000e-03
   3.2565070e+01   1.2320000e-03
   3.2619936e+01   1.2400000e-03
   3.2674060e+01   1.2480000e-03
   3.2727461e+01   1.2560000e-03
   3.2780159e+01   1.2640000e-03
   3.2832171e+01   1.2720000e-03
   3.2883514e+01   1.2800000e-03
   3.2934205e+01   1.2880000e-03
   3.2984260e+01   1.2960000e-03
   3.3033695e+01   1.3040000e-03
   3.3082523e+01   1.3120000e-03
   3.3130761e+01   1.3200000e-03
   3.3178421e+01   1.3280000e-03
   3.3225517e+01   1.3360000e-03
   3.3272062e+01   1.3440000e-03
   3.3318069e+01   1.3520000e-03
   3.3363550e+01   1.3600000e-03
   3.3408516e+01   1.3680000e-03
   3.3452980e+01   1.3760000e-03
   3.3496952e+01   1.3840000e-03
   3.3540443e+01   1.3920000e-03
   3.3583463e+01   1.4000000e-03
   3.3626022e+01   1.4080000e-03
   3.3668131e+01   1.4160000e-03
   3.3709798e+01   1.4240000e-03
   3.3751033e+01   1.4320000e-03
   3.3791845e+01   1.4400000e-03
   3.3832242e+01   1.4480000e-03
   3.3872233e+01   1.4560000e-03
   3.3911826e+01   1.4640000e-03
   3.3951028e+01   1.4720000e-03
   3.3989849e+01   1.4800000e-03
   3.4028294e+01   1.4880000e-03
   3.4066372e+01   1.4960000e-03
   3.4104089e+01   1.5040000e-03
   3.4141452e+01   1.5120000e-03
   3.4178468e+01   1.5200000e-03
   3.4215144e+01   1.5280000e-03
   3.4251486e+01   1.5360000e-03
   3.4287500e+01   1.5440000e-03
   3.4323192e+01   1.5520000e-03
   3.4358568e+01   1.5600000e-03
   3.4393634e+01   1.5680000e-03
   3.4428395e+01   1.5760000e-03
   3.4462856e+01   1.5840000e-03
   3.4497024e+01   1.5920000e-03
   3.4530902e+01   1.6000000e-03
