   0.0000000e+00   0.0000000e+00
   1.5560253e-03   8.0000000e-06
   3.1115557e-03   1.6000000e-05
   4.6666455e-03   2.4000000e-05
   6.2213529e-03   3.2000000e-05
   7.7757396e-03   4.0000000e-05
   9.3298711e-03   4.8000000e-05
   1.0883817e-02   5.6000000e-05
   1.2437653e-02   6.4000000e-05
   1.3991458e-02   7.2000000e-05
   1.5545316e-02   8.0000000e-05
   1.7099318e-02   8.8000000e-05
   1.8653562e-02   9.6000000e-05
   2.0208150e-02   1.0400000e-04
   2.1763195e-02   1.1200000e-04
   2.3318816e-02   1.2000000e-04
   2.4875140e-02   1.2800000e-04
   2.6432306e-02   1.3600000e-04
   2.7990462e-02   1.4400000e-04
   2.9549769e-02   1.5200000e-04
   3.1110399e-02   1.6000000e-04
   3.2672540e-02   1.6800000e-04
   3.4236393e-02   1.7600000e-04
   3.5802180e-02   1.8400000e-04
   3.7370138e-02   1.9200000e-04
   3.8940528e-02   2.0000000e-04
   4.0513634e-02   2.0800000e-04
   4.2089767e-02   2.1600000e-04
   4.3669265e-02   2.2400000e-04
   4.5252503e-02   2.3200000e-04
   4.6839891e-02   2.4000000e-04
   4.8431883e-02   2.4800000e-04
   5.0028979e-02   2.5600000e-04
   5.1631736e-02   2.6400000e-04
   5.3240773e-02   2.7200000e-04
   5.4856782e-02   2.8000000e-04
   5.6480535e-02   2.8800000e-04
   5.8112903e-02   2.9600000e-04
   5.9754867e-02   3.0400000e-04
   6.1407539e-02   3.1200000e-04
   6.3072185e-02   3.2000000e-04
   6.4750253e-02   3.2800000e-04
   6.6443405e-02   3.3600000e-04
   6.8153563e-02   3.4400000e-04
   6.9882963e-02   3.5200000e-04
   7.1634217e-02   3.6000000e-04
   7.3410409e-02   3.6800000e-04
   7.5215195e-02   3.7600000e-04
   7.7052957e-02   3.8400000e-04
   7.8928995e-02   3.9200000e-04
   8.0849778e-02   4.0000000e-04
   8.2823309e-02   4.0800000e-04
   8.4859607e-02   4.1600000e-04
   8.6971412e-02   4.2400000e-04
   8.9175203e-02   4.3200000e-04
   9.1492721e-02   4.4000000e-04
   9.3953330e-02   4.4800000e-04
   9.6597812e-02   4.5600000e-04
   9.9484743e-02   4.6400000e-04
   1.0270187e-01   4.7200000e-04
   1.0638785e-01   4.8000000e-04
   1.1077783e-01   4.8800000e-04
   1.1631169e-01   4.9600000e-04
   1.2394075e-01   5.0400000e-04
   1.3626235e-01   5.1200000e-04
   1.6304821e-01   5.2000000e-04
   2.0476616e-01   5.2800000e-04
   2.1824711e-01   5.3600000e-04
   2.1245518e-01   5.4400000e-04
   1.9464943e-01   5.5200000e-04
   1.6785928e-01   5.6000000e-04
   1.3368846e-01   5.6800000e-04
   9.3133226e-02   5.7600000e-04
   4.6881555e-02   5.8400000e-04
   4.5547189e-03   5.9200000e-04
   6.0773300e-02   6.0000000e-04
   1.2144441e-01   6.0800000e-04
   1.8628865e-01   6.1600000e-04
   2.5506301e-01   6.2400000e-04
   3.2755155e-01   6.3200000e-04
   4.0355903e-01   6.4000000e-04
   4.8290640e-01   6.4800000e-04
   5.6542742e-01   6.5600000e-04
   6.5096630e-01   6.6400000e-04
   7.3937574e-01   6.7200000e-04
   8.3051556e-01   6.8000000e-04
   9.2425156e-01   6.8800000e-04
   1.0204546e+00   6.9600000e-04
   1.1190001e+00   7.0400000e-04
   1.2197670e+00   7.1200000e-04
   1.3226378e+00   7.2000000e-04
   1.4274982e+00   7.2800000e-04
   1.5342364e+00   7.3600000e-04
   1.6427432e+00   7.4400000e-04
   1.7529116e+00   7.5200000e-04
   1.8646371e+00   7.6000000e-04
   1.9778170e+00   7.6800000e-04
   2.0923508e+00   7.7600000e-04
   2.2081398e+00   7.8400000e-04
   2.3250875e+00   7.9200000e-04
   2.4430992e+00   8.0000000e-04
   2.5620821e+00   8.0800000e-04
   2.6819454e+00   8.1600000e-04
   2.8026003e+00   8.2400000e-04
   2.9239602e+00   8.3200000e-04
   3.0459403e+00   8.4000000e-04
   3.1684581e+00   8.4800000e-04
   3.2914333e+00   8.5600000e-04
   3.4147877e+00   8.6400000e-04
   3.5384455e+00   8.7200000e-04
   3.6623332e+00   8.8000000e-04
   3.7863796e+00   8.8800000e-04
   3.9105161e+00   8.9600000e-04
   4.0346765e+00   9.0400000e-04
   4.1587970e+00   9.1200000e-04
   4.2828165e+00   9.2000000e-04
   4.4066764e+00   9.2800000e-04
   4.5303205e+00   9.3600000e-04
   4.6536955e+00   9.4400000e-04
   4.7767503e+00   9.5200000e-04
   4.8994368e+00   9.6000000e-04
   5.0217090e+00   9.6800000e-04
   5.1435238e+00   9.7600000e-04
   5.2648405e+00   9.8400000e-04
   5.3856207e+00   9.9200000e-04
   5.5058286e+00   1.0000000e-03
   5.6254307e+00   1.0080000e-03
   5.7443959e+00   1.0160000e-03
   5.8626952e+00   1.0240000e-03
   5.9803021e+00   1.0320000e-03
   6.0971918e+00   1.0400000e-03
   6.2133420e+00   1.0480000e-03
   6.3287320e+00   1.0560000e-03
   6.4433434e+00   1.0640000e-03
   6.5571592e+00   1.0720000e-03
   6.6701646e+00   1.0800000e-03
   6.7823461e+00   1.0880000e-03
   6.8936921e+00   1.0960000e-03
   7.0041923e+00   1.1040000e-03
   7.1138379e+00   1.1120000e-03
   7.2226216e+00   1.1200000e-03
   7.3305372e+00   1.1280000e-03
   7.4375799e+00   1.1360000e-03
   7.5437460e+00   1.1440000e-03
   7.6490326e+00   1.1520000e-03
   7.7534383e+00   1.1600000e-03
   7.8569622e+00   1.1680000e-03
   7.9596046e+00   1.1760000e-03
   8.0613665e+00   1.1840000e-03
   8.1622495e+00   1.1920000e-03
   8.2622562e+00   1.2000000e-03
   8.3613896e+00   1.2080000e-03
   8.4596535e+00   1.2160000e-03
   8.5570522e+00   1.2240000e-03
   8.6535904e+00   1.2320000e-03
   8.7492734e+00   1.2400000e-03
   8.8441068e+00   1.2480000e-03
   8.9380967e+00   1.2560000e-03
   9.0312495e+00   1.2640000e-03
   9.1235720e+00   1.2720000e-03
   9.2150711e+00   1.2800000e-03
   9.3057541e+00   1.2880000e-03
   9.3956285e+00   1.2960000e-03
   9.4847020e+00   1.3040000e-03
   9.5729825e+00   1.3120000e-03
   9.6604779e+00   1.3200000e-03
   9.7471964e+00   1.3280000e-03
   9.8331462e+00   1.3360000e-03
   9.9183357e+00   1.3440000e-03
   1.0002773e+01   1.3520000e-03
   1.0086467e+01   1.3600000e-03
   1.0169427e+01   1.3680000e-03
   1.0251660e+01   1.3760000e-03
   1.0333175e+01   1.3840000e-03
   1.0413980e+01   1.3920000e-03
   1.0494085e+01   1.4000000e-03
   1.0573498e+01   1.4080000e-03
   1.0652227e+01   1.4160000e-03
   1.0730281e+01   1.4240000e-03
   1.0807668e+01   1.4320000e-03
   1.0884396e+01   1.4400000e-03
   1.0960475e+01   1.4480000e-03
   1.1035911e+01   1.4560000e-03
   1.1110714e+01   1.4640000e-03
   1.1184891e+01   1.4720000e-03
   1.1258451e+01   1.4800000e-03
   1.1331401e+01   1.4880000e-03
   1.1403750e+01   1.4960000e-03
   1.1475504e+01   1.5040000e-03
   1.1546673e+01   1.5120000e-03
   1.1617263e+01   1.5200000e-03
   1.1687282e+01   1.5280000e-03
   1.1756737e+01   1.5360000e-03
   1.1825636e+01   1.5440000e-03
   1.1893987e+01   1.5520000e-03
   1.1961795e+01   1.5600000e-03
   1.2029069e+01   1.5680000e-03
   1.2095814e+01   1.5760000e-03
   1.2162039e+01   1.5840000e-03
   1.2227750e+01   1.5920000e-03
   1.2292954e+01   1.6000000e-03
