   0.0000000e+00   0.0000000e+00
   1.8684828e-03   8.0000000e-06
   3.7399132e-03   1.6000000e-05
   5.6144432e-03   2.4000000e-05
   7.4922339e-03   3.2000000e-05
   9.3734550e-03   4.0000000e-05
   1.1258287e-02   4.8000000e-05
   1.3146921e-02   5.6000000e-05
   1.5039561e-02   6.4000000e-05
   1.6936421e-02   7.2000000e-05
   1.8837733e-02   8.0000000e-05
   2.0743741e-02   8.8000000e-05
   2.2654706e-02   9.6000000e-05
   2.4570908e-02   1.0400000e-04
   2.6492646e-02   1.1200000e-04
   2.8420242e-02   1.2000000e-04
   3.0354039e-02   1.2800000e-04
   3.2294409e-02   1.3600000e-04
   3.4241751e-02   1.4400000e-04
   3.6196496e-02   1.5200000e-04
   3.8159112e-02   1.6000000e-04
   4.0130103e-02   1.6800000e-04
   4.2110020e-02   1.7600000e-04
   4.4099459e-02   1.8400000e-04
   4.6099075e-02   1.9200000e-04
   4.8109580e-02   2.0000000e-04
   5.0131756e-02   2.0800000e-04
   5.2166464e-02   2.1600000e-04
   5.4214653e-02   2.2400000e-04
   5.6277370e-02   2.3200000e-04
   5.8355779e-02   2.4000000e-04
   6.0451176e-02   2.4800000e-04
   6.2565005e-02   2.5600000e-04
   6.4698889e-02   2.6400000e-04
   6.6854652e-02   2.7200000e-04
   6.9034359e-02   2.8000000e-04
   7.1240353e-02   2.8800000e-04
   7.3475308e-02   2.9600000e-04
   7.5742296e-02   3.0400000e-04
   7.8044859e-02   3.1200000e-04
   8.0387114e-02   3.2000000e-04
   8.2773873e-02   3.2800000e-04
   8.5210808e-02   3.3600000e-04
   8.7704658e-02   3.4400000e-04
   9.0263501e-02   3.5200000e-04
   9.2897123e-02   3.6000000e-04
   9.5617511e-02   3.6800000e-04
   9.8439544e-02   3.7600000e-04
   1.0138196e-01   3.8400000e-04
   1.0446874e-01   3.9200000e-04
   1.0773126e-01   4.0000000e-04
   1.1121143e-01   4.0800000e-04
   1.1496691e-01   4.1600000e-04
   1.1907981e-01   4.2400000e-04
   1.2367228e-01   4.3200000e-04
   1.2893681e-01   4.4000000e-04
   1.3520176e-01   4.4800000e-04
   1.4309722e-01   4.5600000e-04
   1.5409643e-01   4.6400000e-04
   1.7354140e-01   4.7200000e-04
   1.0053174e-01   4.8000000e-04
   1.0637152e-01   4.8800000e-04
   3.3020144e-01   4.9600000e-04
   5.6873585e-01   5.0400000e-04
   8.2010070e-01   5.1200000e-04
   1.0827084e+00   5.2000000e-04
   1.3551490e+00   5.2800000e-04
   1.6361200e+00   5.3600000e-04
   1.9243833e+00   5.4400000e-04
   2.2187396e+00   5.5200000e-04
   2.5180148e+00   5.6000000e-04
   2.8210552e+00   5.6800000e-04
   3.1267291e+00   5.7600000e-04
   3.4339337e+00   5.8400000e-04
   3.7416046e+00   5.9200000e-04
   4.0487280e+00   6.0000000e-04
   4.3543531e+00   6.0800000e-04
   4.6576037e+00   6.1600000e-04
   4.9576878e+00   6.2400000e-04
   5.2539051e+00   6.3200000e-04
   5.5456510e+00   6.4000000e-04
   5.8324173e+00   6.4800000e-04
   6.1137905e+00   6.5600000e-04
   6.3894473e+00   6.6400000e-04
   6.6591480e+00   6.7200000e-04
   6.9227288e+00   6.8000000e-04
   7.1800929e+00   6.8800000e-04
   7.4312022e+00   6.9600000e-04
   7.6760682e+00   7.0400000e-04
   7.9147439e+00   7.1200000e-04
   8.1473160e+00   7.2000000e-04
   8.3738984e+00   7.2800000e-04
   8.5946257e+00   7.3600000e-04
   8.8096485e+00   7.4400000e-04
   9.0191287e+00   7.5200000e-04
   9.2232356e+00   7.6000000e-04
   9.4221432e+00   7.6800000e-04
   9.6160274e+00   7.7600000e-04
   9.8050641e+00   7.8400000e-04
   9.9894273e+00   7.9200000e-04
   1.0169289e+01   8.0000000e-04
   1.0344815e+01   8.0800000e-04
   1.0516170e+01   8.1600000e-04
   1.0683511e+01   8.2400000e-04
   1.0846990e+01   8.3200000e-04
   1.1006754e+01   8.4000000e-04
   1.1162945e+01   8.4800000e-04
   1.1315697e+01   8.5600000e-04
   1.1465140e+01   8.6400000e-04
   1.1611398e+01   8.7200000e-04
   1.1754590e+01   8.8000000e-04
   1.1894829e+01   8.8800000e-04
   1.2032224e+01   8.9600000e-04
   1.2166876e+01   9.0400000e-04
   1.2298886e+01   9.1200000e-04
   1.2428347e+01   9.2000000e-04
   1.2555349e+01   9.2800000e-04
   1.2679977e+01   9.3600000e-04
   1.2802313e+01   9.4400000e-04
   1.2922436e+01   9.5200000e-04
   1.3040419e+01   9.6000000e-04
   1.3156334e+01   9.6800000e-04
   1.3270249e+01   9.7600000e-04
   1.3382228e+01   9.8400000e-04
   1.3492334e+01   9.9200000e-04
   1.3600626e+01   1.0000000e-03
   1.3707161e+01   1.0080000e-03
   1.3811993e+01   1.0160000e-03
   1.3915173e+01   1.0240000e-03
   1.4016753e+01   1.0320000e-03
   1.4116779e+01   1.0400000e-03
   1.4215297e+01   1.0480000e-03
   1.4312351e+01   1.0560000e-03
   1.4407983e+01   1.0640000e-03
   1.4502233e+01   1.0720000e-03
   1.4595140e+01   1.0800000e-03
   1.4686741e+01   1.0880000e-03
   1.4777073e+01   1.0960000e-03
   1.4866168e+01   1.1040000e-03
   1.4954060e+01   1.1120000e-03
   1.5040781e+01   1.1200000e-03
   1.5126362e+01   1.1280000e-03
   1.5210831e+01   1.1360000e-03
   1.5294217e+01   1.1440000e-03
   1.5376548e+01   1.1520000e-03
   1.5457849e+01   1.1600000e-03
   1.5538145e+01   1.1680000e-03
   1.5617462e+01   1.1760000e-03
   1.5695822e+01   1.1840000e-03
   1.5773249e+01   1.1920000e-03
   1.5849764e+01   1.2000000e-03
   1.5925389e+01   1.2080000e-03
   1.6000143e+01   1.2160000e-03
   1.6074047e+01   1.2240000e-03
   1.6147121e+01   1.2320000e-03
   1.6219381e+01   1.2400000e-03
   1.6290847e+01   1.2480000e-03
   1.6361535e+01   1.2560000e-03
   1.6431462e+01   1.2640000e-03
   1.6500645e+01   1.2720000e-03
   1.6569099e+01   1.2800000e-03
   1.6636839e+01   1.2880000e-03
   1.6703881e+01   1.2960000e-03
   1.6770238e+01   1.3040000e-03
   1.6835924e+01   1.3120000e-03
   1.6900954e+01   1.3200000e-03
   1.6965339e+01   1.3280000e-03
   1.7029093e+01   1.3360000e-03
   1.7092228e+01   1.3440000e-03
   1.7154755e+01   1.3520000e-03
   1.7216688e+01   1.3600000e-03
   1.7278036e+01   1.3680000e-03
   1.7338811e+01   1.3760000e-03
   1.7399023e+01   1.3840000e-03
   1.7458683e+01   1.3920000e-03
   1.7517802e+01   1.4000000e-03
   1.7576388e+01   1.4080000e-03
   1.7634452e+01   1.4160000e-03
   1.7692002e+01   1.4240000e-03
   1.7749049e+01   1.4320000e-03
   1.7805600e+01   1.4400000e-03
   1.7861665e+01   1.4480000e-03
   1.7917251e+01   1.4560000e-03
   1.7972367e+01   1.4640000e-03
   1.8027022e+01   1.4720000e-03
   1.8081221e+01   1.4800000e-03
   1.8134975e+01   1.4880000e-03
   1.8188289e+01   1.4960000e-03
   1.8241171e+01   1.5040000e-03
   1.8293628e+01   1.5120000e-03
   1.8345666e+01   1.5200000e-03
   1.8397294e+01   1.5280000e-03
   1.8448517e+01   1.5360000e-03
   1.8499341e+01   1.5440000e-03
   1.8549773e+01   1.5520000e-03
   1.8599819e+01   1.5600000e-03
   1.8649485e+01   1.5680000e-03
   1.8698777e+01   1.5760000e-03
   1.8747700e+01   1.5840000e-03
   1.8796261e+01   1.5920000e-03
   1.8844464e+01   1.6000000e-03
